# unix_time, cycles_done, cur_path, paths_total, pending_total, pending_favs, map_size, unique_crashes, unique_hangs, max_depth, execs_per_sec
1583440036, 0, 0, 3, 3, 3, 0.12%, 0, 0, 1, 3428.57
1583440041, 0, 0, 61, 61, 3, 0.16%, 0, 0, 2, 4759.47
1583440046, 0, 16, 63, 59, 11, 0.16%, 0, 0, 2, 5010.52
1583440051, 0, 37, 63, 52, 4, 0.16%, 0, 0, 2, 4916.21
1583440056, 0, 59, 64, 50, 1, 0.16%, 0, 0, 3, 4574.14
1583440062, 0, 59, 79, 65, 1, 0.16%, 0, 0, 3, 4350.41
1583440067, 0, 73, 80, 65, 2, 0.16%, 0, 0, 3, 4266.89
1583440072, 1, 32, 80, 62, 0, 0.16%, 0, 0, 3, 4394.02
1583440077, 1, 58, 80, 60, 0, 0.16%, 0, 0, 3, 4341.11
1583440082, 1, 72, 81, 59, 0, 0.16%, 0, 0, 4, 4150.67
1583440087, 1, 72, 84, 62, 0, 0.16%, 0, 0, 4, 3870.16
1583440092, 1, 78, 84, 60, 0, 0.16%, 0, 0, 4, 3995.82
1583440097, 2, 15, 85, 59, 0, 0.16%, 0, 0, 4, 4309.95
1583440103, 2, 38, 86, 56, 0, 0.16%, 0, 0, 4, 4510.52
1583440108, 2, 75, 86, 54, 0, 0.16%, 0, 0, 4, 4131.49
1583440113, 2, 82, 86, 53, 0, 0.16%, 0, 0, 4, 3914.60
1583440118, 2, 85, 86, 52, 0, 0.16%, 0, 0, 4, 3476.20
1583440128, 3, 30, 87, 51, 0, 0.16%, 0, 0, 4, 3935.76
1583440133, 3, 44, 87, 50, 0, 0.16%, 0, 0, 4, 3475.47
1583440138, 3, 64, 87, 48, 0, 0.16%, 0, 0, 4, 3968.93
1583440144, 3, 80, 87, 47, 0, 0.16%, 0, 0, 4, 3865.64
1583440149, 3, 84, 87, 46, 0, 0.16%, 0, 0, 4, 3826.77
1583440154, 4, 3, 88, 45, 0, 0.16%, 0, 0, 4, 4211.64
1583440159, 4, 35, 90, 43, 0, 0.16%, 0, 0, 4, 4351.69
1583440164, 4, 50, 90, 42, 0, 0.16%, 0, 0, 4, 4076.29
1583440169, 4, 55, 90, 40, 0, 0.16%, 0, 0, 4, 4225.49
1583440174, 4, 56, 90, 39, 0, 0.16%, 0, 0, 4, 4024.85
1583440179, 4, 75, 91, 38, 0, 0.16%, 0, 0, 4, 3998.23
1583440184, 4, 89, 91, 37, 0, 0.16%, 0, 0, 4, 3788.85
1583440195, 5, 11, 91, 35, 0, 0.16%, 0, 0, 4, 3992.84
1583440200, 5, 46, 91, 34, 0, 0.16%, 0, 0, 4, 4167.52
1583440205, 5, 65, 91, 33, 0, 0.16%, 0, 0, 4, 3803.67
1583440215, 5, 73, 91, 31, 0, 0.16%, 0, 0, 4, 3866.53
1583440220, 5, 74, 91, 31, 0, 0.16%, 0, 0, 4, 3647.90
1583440225, 5, 83, 91, 30, 0, 0.16%, 0, 0, 4, 3180.78
1583440235, 5, 87, 91, 29, 0, 0.16%, 0, 0, 4, 3225.87
1583440246, 6, 37, 91, 27, 0, 0.16%, 0, 0, 4, 3803.05
1583440251, 6, 67, 91, 27, 0, 0.16%, 0, 0, 4, 3637.07
1583440256, 6, 70, 91, 26, 0, 0.16%, 0, 0, 4, 3522.14
1583440261, 6, 76, 91, 25, 0, 0.16%, 0, 0, 4, 3280.86
1583440271, 6, 81, 91, 24, 0, 0.16%, 0, 0, 4, 3379.42
1583440276, 7, 41, 91, 23, 0, 0.16%, 0, 0, 4, 3997.47
1583440281, 7, 60, 91, 21, 0, 0.16%, 0, 0, 4, 4282.55
1583440286, 7, 86, 91, 20, 0, 0.16%, 0, 0, 4, 3092.68
1583440307, 7, 90, 91, 19, 0, 0.16%, 0, 0, 4, 2769.35
1583440317, 7, 90, 94, 22, 0, 0.16%, 0, 0, 5, 2809.92
1583440322, 7, 90, 95, 23, 0, 0.16%, 0, 0, 5, 2870.59
1583440327, 7, 92, 95, 22, 0, 0.16%, 0, 0, 5, 2867.04
